(kicad_pcb (version 20171130) (host pcbnew "(5.0.1)-3")

  (general
    (thickness 1.6)
    (drawings 5)
    (tracks 167)
    (zones 0)
    (modules 24)
    (nets 16)
  )

  (page A4)
  (layers
    (0 F.Cu signal)
    (31 B.Cu signal)
    (32 B.Adhes user)
    (33 F.Adhes user)
    (34 B.Paste user)
    (35 F.Paste user)
    (36 B.SilkS user)
    (37 F.SilkS user)
    (38 B.Mask user)
    (39 F.Mask user)
    (40 Dwgs.User user)
    (41 Cmts.User user)
    (42 Eco1.User user)
    (43 Eco2.User user)
    (44 Edge.Cuts user)
    (45 Margin user)
    (46 B.CrtYd user)
    (47 F.CrtYd user)
    (48 B.Fab user)
    (49 F.Fab user)
  )

  (setup
    (last_trace_width 0.25)
    (trace_clearance 0.2)
    (zone_clearance 0.508)
    (zone_45_only no)
    (trace_min 0.2)
    (segment_width 0.2)
    (edge_width 0.15)
    (via_size 0.8)
    (via_drill 0.4)
    (via_min_size 0.4)
    (via_min_drill 0.3)
    (uvia_size 0.3)
    (uvia_drill 0.1)
    (uvias_allowed no)
    (uvia_min_size 0.2)
    (uvia_min_drill 0.1)
    (pcb_text_width 0.3)
    (pcb_text_size 1.5 1.5)
    (mod_edge_width 0.15)
    (mod_text_size 1 1)
    (mod_text_width 0.15)
    (pad_size 1.524 1.524)
    (pad_drill 0.762)
    (pad_to_mask_clearance 0.051)
    (solder_mask_min_width 0.25)
    (aux_axis_origin 0 0)
    (visible_elements 7FFFFFFF)
    (pcbplotparams
      (layerselection 0x010fc_ffffffff)
      (usegerberextensions false)
      (usegerberattributes false)
      (usegerberadvancedattributes false)
      (creategerberjobfile false)
      (excludeedgelayer true)
      (linewidth 0.100000)
      (plotframeref false)
      (viasonmask false)
      (mode 1)
      (useauxorigin false)
      (hpglpennumber 1)
      (hpglpenspeed 20)
      (hpglpendiameter 15.000000)
      (psnegative false)
      (psa4output false)
      (plotreference true)
      (plotvalue true)
      (plotinvisibletext false)
      (padsonsilk false)
      (subtractmaskfromsilk false)
      (outputformat 1)
      (mirror false)
      (drillshape 1)
      (scaleselection 1)
      (outputdirectory ""))
  )

  (net 0 "")
  (net 1 GND)
  (net 2 VDD2)
  (net 3 VDD1)
  (net 4 "Net-(C3-Pad1)")
  (net 5 "Net-(C3-Pad2)")
  (net 6 "Net-(C5-Pad1)")
  (net 7 "Net-(C6-Pad1)")
  (net 8 "Net-(D1-Pad1)")
  (net 9 "Net-(R1-Pad2)")
  (net 10 "Net-(R2-Pad1)")
  (net 11 "Net-(J3-Pad2)")
  (net 12 "Net-(R5-Pad2)")
  (net 13 "Net-(U1-Pad4)")
  (net 14 "Net-(U1-Pad5)")
  (net 15 "Net-(J5-Pad2)")

  (net_class Default "This is the default net class."
    (clearance 0.2)
    (trace_width 0.25)
    (via_dia 0.8)
    (via_drill 0.4)
    (uvia_dia 0.3)
    (uvia_drill 0.1)
    (add_net GND)
    (add_net "Net-(C3-Pad1)")
    (add_net "Net-(C3-Pad2)")
    (add_net "Net-(C5-Pad1)")
    (add_net "Net-(C6-Pad1)")
    (add_net "Net-(D1-Pad1)")
    (add_net "Net-(J3-Pad2)")
    (add_net "Net-(J5-Pad2)")
    (add_net "Net-(R1-Pad2)")
    (add_net "Net-(R2-Pad1)")
    (add_net "Net-(R5-Pad2)")
    (add_net "Net-(U1-Pad4)")
    (add_net "Net-(U1-Pad5)")
    (add_net VDD1)
    (add_net VDD2)
  )

  (module Capacitor_SMD:C_0805_2012Metric_Pad1.15x1.40mm_HandSolder (layer F.Cu) (tedit 5B36C52B) (tstamp 5C26A799)
    (at 244.085 80.01)
    (descr "Capacitor SMD 0805 (2012 Metric), square (rectangular) end terminal, IPC_7351 nominal with elongated pad for handsoldering. (Body size source: https://docs.google.com/spreadsheets/d/1BsfQQcO9C6DZCsRaXUlFlo91Tg2WpOkGARC1WS5S8t0/edit?usp=sharing), generated with kicad-footprint-generator")
    (tags "capacitor handsolder")
    (path /5C276D65)
    (attr smd)
    (fp_text reference C1 (at 0 -1.65) (layer F.SilkS)
      (effects (font (size 1 1) (thickness 0.15)))
    )
    (fp_text value 4.7uf (at 0 1.65) (layer F.Fab)
      (effects (font (size 1 1) (thickness 0.15)))
    )
    (fp_line (start -1 0.6) (end -1 -0.6) (layer F.Fab) (width 0.1))
    (fp_line (start -1 -0.6) (end 1 -0.6) (layer F.Fab) (width 0.1))
    (fp_line (start 1 -0.6) (end 1 0.6) (layer F.Fab) (width 0.1))
    (fp_line (start 1 0.6) (end -1 0.6) (layer F.Fab) (width 0.1))
    (fp_line (start -0.261252 -0.71) (end 0.261252 -0.71) (layer F.SilkS) (width 0.12))
    (fp_line (start -0.261252 0.71) (end 0.261252 0.71) (layer F.SilkS) (width 0.12))
    (fp_line (start -1.85 0.95) (end -1.85 -0.95) (layer F.CrtYd) (width 0.05))
    (fp_line (start -1.85 -0.95) (end 1.85 -0.95) (layer F.CrtYd) (width 0.05))
    (fp_line (start 1.85 -0.95) (end 1.85 0.95) (layer F.CrtYd) (width 0.05))
    (fp_line (start 1.85 0.95) (end -1.85 0.95) (layer F.CrtYd) (width 0.05))
    (fp_text user %R (at 0 0) (layer F.Fab)
      (effects (font (size 0.5 0.5) (thickness 0.08)))
    )
    (pad 1 smd roundrect (at -1.025 0) (size 1.15 1.4) (layers F.Cu F.Paste F.Mask) (roundrect_rratio 0.217391)
      (net 2 VDD2))
    (pad 2 smd roundrect (at 1.025 0) (size 1.15 1.4) (layers F.Cu F.Paste F.Mask) (roundrect_rratio 0.217391)
      (net 1 GND))
    (model ${KISYS3DMOD}/Capacitor_SMD.3dshapes/C_0805_2012Metric.wrl
      (at (xyz 0 0 0))
      (scale (xyz 1 1 1))
      (rotate (xyz 0 0 0))
    )
  )

  (module Capacitor_SMD:C_0805_2012Metric_Pad1.15x1.40mm_HandSolder (layer F.Cu) (tedit 5B36C52B) (tstamp 5C26A7AA)
    (at 237.49 80.645)
    (descr "Capacitor SMD 0805 (2012 Metric), square (rectangular) end terminal, IPC_7351 nominal with elongated pad for handsoldering. (Body size source: https://docs.google.com/spreadsheets/d/1BsfQQcO9C6DZCsRaXUlFlo91Tg2WpOkGARC1WS5S8t0/edit?usp=sharing), generated with kicad-footprint-generator")
    (tags "capacitor handsolder")
    (path /5C276E0F)
    (attr smd)
    (fp_text reference C2 (at 0 -1.65) (layer F.SilkS)
      (effects (font (size 1 1) (thickness 0.15)))
    )
    (fp_text value 4.7uf (at 0 1.65) (layer F.Fab)
      (effects (font (size 1 1) (thickness 0.15)))
    )
    (fp_text user %R (at 0 0) (layer F.Fab)
      (effects (font (size 0.5 0.5) (thickness 0.08)))
    )
    (fp_line (start 1.85 0.95) (end -1.85 0.95) (layer F.CrtYd) (width 0.05))
    (fp_line (start 1.85 -0.95) (end 1.85 0.95) (layer F.CrtYd) (width 0.05))
    (fp_line (start -1.85 -0.95) (end 1.85 -0.95) (layer F.CrtYd) (width 0.05))
    (fp_line (start -1.85 0.95) (end -1.85 -0.95) (layer F.CrtYd) (width 0.05))
    (fp_line (start -0.261252 0.71) (end 0.261252 0.71) (layer F.SilkS) (width 0.12))
    (fp_line (start -0.261252 -0.71) (end 0.261252 -0.71) (layer F.SilkS) (width 0.12))
    (fp_line (start 1 0.6) (end -1 0.6) (layer F.Fab) (width 0.1))
    (fp_line (start 1 -0.6) (end 1 0.6) (layer F.Fab) (width 0.1))
    (fp_line (start -1 -0.6) (end 1 -0.6) (layer F.Fab) (width 0.1))
    (fp_line (start -1 0.6) (end -1 -0.6) (layer F.Fab) (width 0.1))
    (pad 2 smd roundrect (at 1.025 0) (size 1.15 1.4) (layers F.Cu F.Paste F.Mask) (roundrect_rratio 0.217391)
      (net 1 GND))
    (pad 1 smd roundrect (at -1.025 0) (size 1.15 1.4) (layers F.Cu F.Paste F.Mask) (roundrect_rratio 0.217391)
      (net 3 VDD1))
    (model ${KISYS3DMOD}/Capacitor_SMD.3dshapes/C_0805_2012Metric.wrl
      (at (xyz 0 0 0))
      (scale (xyz 1 1 1))
      (rotate (xyz 0 0 0))
    )
  )

  (module Capacitor_SMD:C_0805_2012Metric_Pad1.15x1.40mm_HandSolder (layer F.Cu) (tedit 5C26B1BD) (tstamp 5C26B040)
    (at 236.465 98.425)
    (descr "Capacitor SMD 0805 (2012 Metric), square (rectangular) end terminal, IPC_7351 nominal with elongated pad for handsoldering. (Body size source: https://docs.google.com/spreadsheets/d/1BsfQQcO9C6DZCsRaXUlFlo91Tg2WpOkGARC1WS5S8t0/edit?usp=sharing), generated with kicad-footprint-generator")
    (tags "capacitor handsolder")
    (path /5C0244B3)
    (attr smd)
    (fp_text reference C3 (at 0 -1.65) (layer F.SilkS)
      (effects (font (size 1 1) (thickness 0.15)))
    )
    (fp_text value 0.1uf (at 0 1.65) (layer F.Fab) hide
      (effects (font (size 1 1) (thickness 0.15)))
    )
    (fp_line (start -1 0.6) (end -1 -0.6) (layer F.Fab) (width 0.1))
    (fp_line (start -1 -0.6) (end 1 -0.6) (layer F.Fab) (width 0.1))
    (fp_line (start 1 -0.6) (end 1 0.6) (layer F.Fab) (width 0.1))
    (fp_line (start 1 0.6) (end -1 0.6) (layer F.Fab) (width 0.1))
    (fp_line (start -0.261252 -0.71) (end 0.261252 -0.71) (layer F.SilkS) (width 0.12))
    (fp_line (start -0.261252 0.71) (end 0.261252 0.71) (layer F.SilkS) (width 0.12))
    (fp_line (start -1.85 0.95) (end -1.85 -0.95) (layer F.CrtYd) (width 0.05))
    (fp_line (start -1.85 -0.95) (end 1.85 -0.95) (layer F.CrtYd) (width 0.05))
    (fp_line (start 1.85 -0.95) (end 1.85 0.95) (layer F.CrtYd) (width 0.05))
    (fp_line (start 1.85 0.95) (end -1.85 0.95) (layer F.CrtYd) (width 0.05))
    (fp_text user %R (at 0 0) (layer F.Fab)
      (effects (font (size 0.5 0.5) (thickness 0.08)))
    )
    (pad 1 smd roundrect (at -1.025 0) (size 1.15 1.4) (layers F.Cu F.Paste F.Mask) (roundrect_rratio 0.217391)
      (net 4 "Net-(C3-Pad1)"))
    (pad 2 smd roundrect (at 1.025 0) (size 1.15 1.4) (layers F.Cu F.Paste F.Mask) (roundrect_rratio 0.217391)
      (net 5 "Net-(C3-Pad2)"))
    (model ${KISYS3DMOD}/Capacitor_SMD.3dshapes/C_0805_2012Metric.wrl
      (at (xyz 0 0 0))
      (scale (xyz 1 1 1))
      (rotate (xyz 0 0 0))
    )
  )

  (module Capacitor_SMD:C_0805_2012Metric_Pad1.15x1.40mm_HandSolder (layer F.Cu) (tedit 5C26B139) (tstamp 5C26A7CC)
    (at 231.775 95.25 180)
    (descr "Capacitor SMD 0805 (2012 Metric), square (rectangular) end terminal, IPC_7351 nominal with elongated pad for handsoldering. (Body size source: https://docs.google.com/spreadsheets/d/1BsfQQcO9C6DZCsRaXUlFlo91Tg2WpOkGARC1WS5S8t0/edit?usp=sharing), generated with kicad-footprint-generator")
    (tags "capacitor handsolder")
    (path /5C024471)
    (attr smd)
    (fp_text reference C4 (at 0 1.905 180) (layer F.SilkS)
      (effects (font (size 1 1) (thickness 0.15)))
    )
    (fp_text value 0.1uf (at 0 1.65 180) (layer F.Fab) hide
      (effects (font (size 1 1) (thickness 0.15)))
    )
    (fp_text user %R (at 0 0 180) (layer F.Fab)
      (effects (font (size 0.5 0.5) (thickness 0.08)))
    )
    (fp_line (start 1.85 0.95) (end -1.85 0.95) (layer F.CrtYd) (width 0.05))
    (fp_line (start 1.85 -0.95) (end 1.85 0.95) (layer F.CrtYd) (width 0.05))
    (fp_line (start -1.85 -0.95) (end 1.85 -0.95) (layer F.CrtYd) (width 0.05))
    (fp_line (start -1.85 0.95) (end -1.85 -0.95) (layer F.CrtYd) (width 0.05))
    (fp_line (start -0.261252 0.71) (end 0.261252 0.71) (layer F.SilkS) (width 0.12))
    (fp_line (start -0.261252 -0.71) (end 0.261252 -0.71) (layer F.SilkS) (width 0.12))
    (fp_line (start 1 0.6) (end -1 0.6) (layer F.Fab) (width 0.1))
    (fp_line (start 1 -0.6) (end 1 0.6) (layer F.Fab) (width 0.1))
    (fp_line (start -1 -0.6) (end 1 -0.6) (layer F.Fab) (width 0.1))
    (fp_line (start -1 0.6) (end -1 -0.6) (layer F.Fab) (width 0.1))
    (pad 2 smd roundrect (at 1.025 0 180) (size 1.15 1.4) (layers F.Cu F.Paste F.Mask) (roundrect_rratio 0.217391)
      (net 1 GND))
    (pad 1 smd roundrect (at -1.025 0 180) (size 1.15 1.4) (layers F.Cu F.Paste F.Mask) (roundrect_rratio 0.217391)
      (net 5 "Net-(C3-Pad2)"))
    (model ${KISYS3DMOD}/Capacitor_SMD.3dshapes/C_0805_2012Metric.wrl
      (at (xyz 0 0 0))
      (scale (xyz 1 1 1))
      (rotate (xyz 0 0 0))
    )
  )

  (module Capacitor_SMD:C_0805_2012Metric_Pad1.15x1.40mm_HandSolder (layer F.Cu) (tedit 5C26B146) (tstamp 5C26A7DD)
    (at 235.195 111.125 180)
    (descr "Capacitor SMD 0805 (2012 Metric), square (rectangular) end terminal, IPC_7351 nominal with elongated pad for handsoldering. (Body size source: https://docs.google.com/spreadsheets/d/1BsfQQcO9C6DZCsRaXUlFlo91Tg2WpOkGARC1WS5S8t0/edit?usp=sharing), generated with kicad-footprint-generator")
    (tags "capacitor handsolder")
    (path /5C0244F7)
    (attr smd)
    (fp_text reference C5 (at 0 1.905 180) (layer F.SilkS)
      (effects (font (size 1 1) (thickness 0.15)))
    )
    (fp_text value 0.33uf (at 0 -1.905 180) (layer F.Fab) hide
      (effects (font (size 1 1) (thickness 0.15)))
    )
    (fp_text user %R (at 0 0 180) (layer F.Fab)
      (effects (font (size 0.5 0.5) (thickness 0.08)))
    )
    (fp_line (start 1.85 0.95) (end -1.85 0.95) (layer F.CrtYd) (width 0.05))
    (fp_line (start 1.85 -0.95) (end 1.85 0.95) (layer F.CrtYd) (width 0.05))
    (fp_line (start -1.85 -0.95) (end 1.85 -0.95) (layer F.CrtYd) (width 0.05))
    (fp_line (start -1.85 0.95) (end -1.85 -0.95) (layer F.CrtYd) (width 0.05))
    (fp_line (start -0.261252 0.71) (end 0.261252 0.71) (layer F.SilkS) (width 0.12))
    (fp_line (start -0.261252 -0.71) (end 0.261252 -0.71) (layer F.SilkS) (width 0.12))
    (fp_line (start 1 0.6) (end -1 0.6) (layer F.Fab) (width 0.1))
    (fp_line (start 1 -0.6) (end 1 0.6) (layer F.Fab) (width 0.1))
    (fp_line (start -1 -0.6) (end 1 -0.6) (layer F.Fab) (width 0.1))
    (fp_line (start -1 0.6) (end -1 -0.6) (layer F.Fab) (width 0.1))
    (pad 2 smd roundrect (at 1.025 0 180) (size 1.15 1.4) (layers F.Cu F.Paste F.Mask) (roundrect_rratio 0.217391)
      (net 1 GND))
    (pad 1 smd roundrect (at -1.025 0 180) (size 1.15 1.4) (layers F.Cu F.Paste F.Mask) (roundrect_rratio 0.217391)
      (net 6 "Net-(C5-Pad1)"))
    (model ${KISYS3DMOD}/Capacitor_SMD.3dshapes/C_0805_2012Metric.wrl
      (at (xyz 0 0 0))
      (scale (xyz 1 1 1))
      (rotate (xyz 0 0 0))
    )
  )

  (module Capacitor_SMD:C_0805_2012Metric_Pad1.15x1.40mm_HandSolder (layer F.Cu) (tedit 5C26B1C2) (tstamp 5C26A7EE)
    (at 252.34 98.425)
    (descr "Capacitor SMD 0805 (2012 Metric), square (rectangular) end terminal, IPC_7351 nominal with elongated pad for handsoldering. (Body size source: https://docs.google.com/spreadsheets/d/1BsfQQcO9C6DZCsRaXUlFlo91Tg2WpOkGARC1WS5S8t0/edit?usp=sharing), generated with kicad-footprint-generator")
    (tags "capacitor handsolder")
    (path /5C0245CA)
    (attr smd)
    (fp_text reference C6 (at 0 -1.65) (layer F.SilkS)
      (effects (font (size 1 1) (thickness 0.15)))
    )
    (fp_text value 0.1uf (at 0 1.65) (layer F.Fab) hide
      (effects (font (size 1 1) (thickness 0.15)))
    )
    (fp_line (start -1 0.6) (end -1 -0.6) (layer F.Fab) (width 0.1))
    (fp_line (start -1 -0.6) (end 1 -0.6) (layer F.Fab) (width 0.1))
    (fp_line (start 1 -0.6) (end 1 0.6) (layer F.Fab) (width 0.1))
    (fp_line (start 1 0.6) (end -1 0.6) (layer F.Fab) (width 0.1))
    (fp_line (start -0.261252 -0.71) (end 0.261252 -0.71) (layer F.SilkS) (width 0.12))
    (fp_line (start -0.261252 0.71) (end 0.261252 0.71) (layer F.SilkS) (width 0.12))
    (fp_line (start -1.85 0.95) (end -1.85 -0.95) (layer F.CrtYd) (width 0.05))
    (fp_line (start -1.85 -0.95) (end 1.85 -0.95) (layer F.CrtYd) (width 0.05))
    (fp_line (start 1.85 -0.95) (end 1.85 0.95) (layer F.CrtYd) (width 0.05))
    (fp_line (start 1.85 0.95) (end -1.85 0.95) (layer F.CrtYd) (width 0.05))
    (fp_text user %R (at 0 0) (layer F.Fab)
      (effects (font (size 0.5 0.5) (thickness 0.08)))
    )
    (pad 1 smd roundrect (at -1.025 0) (size 1.15 1.4) (layers F.Cu F.Paste F.Mask) (roundrect_rratio 0.217391)
      (net 7 "Net-(C6-Pad1)"))
    (pad 2 smd roundrect (at 1.025 0) (size 1.15 1.4) (layers F.Cu F.Paste F.Mask) (roundrect_rratio 0.217391)
      (net 1 GND))
    (model ${KISYS3DMOD}/Capacitor_SMD.3dshapes/C_0805_2012Metric.wrl
      (at (xyz 0 0 0))
      (scale (xyz 1 1 1))
      (rotate (xyz 0 0 0))
    )
  )

  (module LED_SMD:LED_0805_2012Metric_Pad1.15x1.40mm_HandSolder (layer F.Cu) (tedit 5C26B186) (tstamp 5C26A35C)
    (at 241.3 67.945 270)
    (descr "LED SMD 0805 (2012 Metric), square (rectangular) end terminal, IPC_7351 nominal, (Body size source: https://docs.google.com/spreadsheets/d/1BsfQQcO9C6DZCsRaXUlFlo91Tg2WpOkGARC1WS5S8t0/edit?usp=sharing), generated with kicad-footprint-generator")
    (tags "LED handsolder")
    (path /5C25FF33)
    (attr smd)
    (fp_text reference D1 (at -2.54 0) (layer F.SilkS)
      (effects (font (size 1 1) (thickness 0.15)))
    )
    (fp_text value LED (at 0 1.65 270) (layer F.Fab) hide
      (effects (font (size 1 1) (thickness 0.15)))
    )
    (fp_line (start 1 -0.6) (end -0.7 -0.6) (layer F.Fab) (width 0.1))
    (fp_line (start -0.7 -0.6) (end -1 -0.3) (layer F.Fab) (width 0.1))
    (fp_line (start -1 -0.3) (end -1 0.6) (layer F.Fab) (width 0.1))
    (fp_line (start -1 0.6) (end 1 0.6) (layer F.Fab) (width 0.1))
    (fp_line (start 1 0.6) (end 1 -0.6) (layer F.Fab) (width 0.1))
    (fp_line (start 1 -0.96) (end -1.86 -0.96) (layer F.SilkS) (width 0.12))
    (fp_line (start -1.86 -0.96) (end -1.86 0.96) (layer F.SilkS) (width 0.12))
    (fp_line (start -1.86 0.96) (end 1 0.96) (layer F.SilkS) (width 0.12))
    (fp_line (start -1.85 0.95) (end -1.85 -0.95) (layer F.CrtYd) (width 0.05))
    (fp_line (start -1.85 -0.95) (end 1.85 -0.95) (layer F.CrtYd) (width 0.05))
    (fp_line (start 1.85 -0.95) (end 1.85 0.95) (layer F.CrtYd) (width 0.05))
    (fp_line (start 1.85 0.95) (end -1.85 0.95) (layer F.CrtYd) (width 0.05))
    (fp_text user %R (at 0 0 270) (layer F.Fab)
      (effects (font (size 0.5 0.5) (thickness 0.08)))
    )
    (pad 1 smd roundrect (at -1.025 0 270) (size 1.15 1.4) (layers F.Cu F.Paste F.Mask) (roundrect_rratio 0.217391)
      (net 8 "Net-(D1-Pad1)"))
    (pad 2 smd roundrect (at 1.025 0 270) (size 1.15 1.4) (layers F.Cu F.Paste F.Mask) (roundrect_rratio 0.217391)
      (net 2 VDD2))
    (model ${KISYS3DMOD}/LED_SMD.3dshapes/LED_0805_2012Metric.wrl
      (at (xyz 0 0 0))
      (scale (xyz 1 1 1))
      (rotate (xyz 0 0 0))
    )
  )

  (module MountingHole:MountingHole_3.2mm_M3 (layer F.Cu) (tedit 56D1B4CB) (tstamp 5C26BDDE)
    (at 219.71 118.745)
    (descr "Mounting Hole 3.2mm, no annular, M3")
    (tags "mounting hole 3.2mm no annular m3")
    (path /5C275C54)
    (attr virtual)
    (fp_text reference H1 (at 0 -4.2) (layer F.SilkS)
      (effects (font (size 1 1) (thickness 0.15)))
    )
    (fp_text value MountingHole (at 0 4.2) (layer F.Fab)
      (effects (font (size 1 1) (thickness 0.15)))
    )
    (fp_circle (center 0 0) (end 3.45 0) (layer F.CrtYd) (width 0.05))
    (fp_circle (center 0 0) (end 3.2 0) (layer Cmts.User) (width 0.15))
    (fp_text user %R (at 0.3 0) (layer F.Fab)
      (effects (font (size 1 1) (thickness 0.15)))
    )
    (pad 1 np_thru_hole circle (at 0 0) (size 3.2 3.2) (drill 3.2) (layers *.Cu *.Mask))
  )

  (module MountingHole:MountingHole_3.2mm_M3 (layer F.Cu) (tedit 5C26B15C) (tstamp 5C26A811)
    (at 219.075 62.865)
    (descr "Mounting Hole 3.2mm, no annular, M3")
    (tags "mounting hole 3.2mm no annular m3")
    (path /5C275D24)
    (attr virtual)
    (fp_text reference H2 (at 0 -4.2) (layer F.SilkS)
      (effects (font (size 1 1) (thickness 0.15)))
    )
    (fp_text value MountingHole (at 0 4.2) (layer F.Fab) hide
      (effects (font (size 1 1) (thickness 0.15)))
    )
    (fp_text user %R (at 0.3 0) (layer F.Fab)
      (effects (font (size 1 1) (thickness 0.15)))
    )
    (fp_circle (center 0 0) (end 3.2 0) (layer Cmts.User) (width 0.15))
    (fp_circle (center 0 0) (end 3.45 0) (layer F.CrtYd) (width 0.05))
    (pad 1 np_thru_hole circle (at 0 0) (size 3.2 3.2) (drill 3.2) (layers *.Cu *.Mask))
  )

  (module MountingHole:MountingHole_3.2mm_M3 (layer F.Cu) (tedit 56D1B4CB) (tstamp 5C26A819)
    (at 262.89 63.5)
    (descr "Mounting Hole 3.2mm, no annular, M3")
    (tags "mounting hole 3.2mm no annular m3")
    (path /5C275DF0)
    (attr virtual)
    (fp_text reference H3 (at 0 -4.2) (layer F.SilkS)
      (effects (font (size 1 1) (thickness 0.15)))
    )
    (fp_text value MountingHole (at 0 4.2) (layer F.Fab)
      (effects (font (size 1 1) (thickness 0.15)))
    )
    (fp_circle (center 0 0) (end 3.45 0) (layer F.CrtYd) (width 0.05))
    (fp_circle (center 0 0) (end 3.2 0) (layer Cmts.User) (width 0.15))
    (fp_text user %R (at 0.3 0) (layer F.Fab)
      (effects (font (size 1 1) (thickness 0.15)))
    )
    (pad 1 np_thru_hole circle (at 0 0) (size 3.2 3.2) (drill 3.2) (layers *.Cu *.Mask))
  )

  (module MountingHole:MountingHole_3.2mm_M3 (layer F.Cu) (tedit 56D1B4CB) (tstamp 5C26A821)
    (at 262.89 119.38)
    (descr "Mounting Hole 3.2mm, no annular, M3")
    (tags "mounting hole 3.2mm no annular m3")
    (path /5C275EAA)
    (attr virtual)
    (fp_text reference H4 (at 0 -4.2) (layer F.SilkS)
      (effects (font (size 1 1) (thickness 0.15)))
    )
    (fp_text value MountingHole (at 0 4.2) (layer F.Fab)
      (effects (font (size 1 1) (thickness 0.15)))
    )
    (fp_text user %R (at 0.3 0) (layer F.Fab)
      (effects (font (size 1 1) (thickness 0.15)))
    )
    (fp_circle (center 0 0) (end 3.2 0) (layer Cmts.User) (width 0.15))
    (fp_circle (center 0 0) (end 3.45 0) (layer F.CrtYd) (width 0.05))
    (pad 1 np_thru_hole circle (at 0 0) (size 3.2 3.2) (drill 3.2) (layers *.Cu *.Mask))
  )

  (module BMS:CUI_PJ-102A_2.5mm_DC_JACK (layer F.Cu) (tedit 5C26B1B2) (tstamp 5C26A831)
    (at 251.46 88.9 270)
    (path /5C02E105)
    (fp_text reference J1 (at -6.35 -3.81) (layer F.SilkS)
      (effects (font (size 0.762 0.762) (thickness 0.1524)))
    )
    (fp_text value Barrel_Jack (at 0 0 270) (layer F.SilkS) hide
      (effects (font (size 0.762 0.762) (thickness 0.1524)))
    )
    (fp_text user J2 (at 0.39 0.302 270) (layer F.Fab)
      (effects (font (size 1 1) (thickness 0.15)))
    )
    (fp_line (start 3 -10.1) (end 3 0) (layer F.SilkS) (width 0.2032))
    (fp_line (start 3 0) (end -3 0) (layer F.SilkS) (width 0.2032))
    (fp_line (start -3 0) (end -3 -10.2) (layer F.SilkS) (width 0.2032))
    (fp_line (start -4.5 -6.6) (end 4.5 -6.6) (layer F.SilkS) (width 0.2032))
    (fp_line (start -4.5 4.4) (end 4.5 4.4) (layer F.SilkS) (width 0.2032))
    (fp_line (start 4.5 4.4) (end 4.5 -10.1) (layer F.SilkS) (width 0.2032))
    (fp_line (start 4.5 -10.1) (end -4.5 -10.1) (layer F.SilkS) (width 0.2032))
    (fp_line (start -4.5 -10.1) (end -4.5 4.4) (layer F.SilkS) (width 0.2032))
    (pad 1 thru_hole circle (at 0 3 270) (size 2.6 2.6) (drill 1.6) (layers *.Cu *.Mask F.SilkS)
      (net 3 VDD1))
    (pad 2 thru_hole circle (at 0 -3 270) (size 2.6 2.6) (drill 1.6) (layers *.Cu *.Mask F.SilkS)
      (net 1 GND))
    (pad 3 thru_hole circle (at -4.7 0 270) (size 2.6 2.6) (drill 1.6) (layers *.Cu *.Mask F.SilkS)
      (net 1 GND))
  )

  (module BMS:TerminalBlock_5mm_2POS_ED2600 (layer F.Cu) (tedit 5C26B150) (tstamp 5C26A855)
    (at 220.98 93.345 90)
    (descr "2-way 5.0mm pitch terminal block, http://www.philmore-datak.com/mc/Page%20197.pdf")
    (tags "screw terminal block")
    (path /5C02FDC1)
    (fp_text reference J3 (at 9.525 0 180) (layer F.SilkS)
      (effects (font (size 1 1) (thickness 0.15)))
    )
    (fp_text value Screw_Terminal_01x02 (at 2.5 6.9 90) (layer F.Fab) hide
      (effects (font (size 1 1) (thickness 0.15)))
    )
    (fp_text user %R (at 2.5 0.3 90) (layer F.Fab)
      (effects (font (size 1 1) (thickness 0.15)))
    )
    (fp_line (start 8.2 -4.3) (end 8.2 3.3) (layer F.SilkS) (width 0.12))
    (fp_line (start -3.2 -4.3) (end 8.2 -4.3) (layer F.SilkS) (width 0.12))
    (fp_line (start -3.2 3.3) (end -3.2 -4.3) (layer F.SilkS) (width 0.12))
    (fp_line (start 8.1 -4.2) (end 8.1 3.3) (layer F.Fab) (width 0.1))
    (fp_line (start -3.1 -4.2) (end 8.1 -4.2) (layer F.Fab) (width 0.1))
    (fp_line (start -3.1 3.3) (end -3.1 -4.2) (layer F.Fab) (width 0.1))
    (fp_line (start -3.1 3.3) (end 8.1 3.3) (layer F.Fab) (width 0.1))
    (fp_line (start 8.4 -4.6) (end -3.4 -4.6) (layer F.CrtYd) (width 0.05))
    (fp_line (start 8.4 3.6) (end 8.4 -4.6) (layer F.CrtYd) (width 0.05))
    (fp_line (start -3.4 3.6) (end 8.4 3.6) (layer F.CrtYd) (width 0.05))
    (fp_line (start -3.4 -4.6) (end -3.4 3.6) (layer F.CrtYd) (width 0.05))
    (pad 2 thru_hole circle (at 5 0 90) (size 2.4 2.4) (drill 1.47) (layers *.Cu *.Mask)
      (net 11 "Net-(J3-Pad2)"))
    (pad 1 thru_hole rect (at 0 0 90) (size 2.4 2.4) (drill 1.47) (layers *.Cu *.Mask)
      (net 1 GND))
    (model ${KISYS3DMOD}/Connectors_Terminal_Blocks.3dshapes/TerminalBlock_Philmore_TB132_02x5mm_Straight.wrl
      (at (xyz 0 0 0))
      (scale (xyz 1 1 1))
      (rotate (xyz 0 0 0))
    )
  )

  (module BMS:TerminalBlock_5mm_2POS_ED2600 (layer F.Cu) (tedit 5C26B1DC) (tstamp 5C26A867)
    (at 220.98 76.835 90)
    (descr "2-way 5.0mm pitch terminal block, http://www.philmore-datak.com/mc/Page%20197.pdf")
    (tags "screw terminal block")
    (path /5C02E270)
    (fp_text reference J4 (at 9.525 -0.635 180) (layer F.SilkS)
      (effects (font (size 1 1) (thickness 0.15)))
    )
    (fp_text value Screw_Terminal_01x02 (at 2.5 6.9 90) (layer F.Fab) hide
      (effects (font (size 1 1) (thickness 0.15)))
    )
    (fp_line (start -3.4 -4.6) (end -3.4 3.6) (layer F.CrtYd) (width 0.05))
    (fp_line (start -3.4 3.6) (end 8.4 3.6) (layer F.CrtYd) (width 0.05))
    (fp_line (start 8.4 3.6) (end 8.4 -4.6) (layer F.CrtYd) (width 0.05))
    (fp_line (start 8.4 -4.6) (end -3.4 -4.6) (layer F.CrtYd) (width 0.05))
    (fp_line (start -3.1 3.3) (end 8.1 3.3) (layer F.Fab) (width 0.1))
    (fp_line (start -3.1 3.3) (end -3.1 -4.2) (layer F.Fab) (width 0.1))
    (fp_line (start -3.1 -4.2) (end 8.1 -4.2) (layer F.Fab) (width 0.1))
    (fp_line (start 8.1 -4.2) (end 8.1 3.3) (layer F.Fab) (width 0.1))
    (fp_line (start -3.2 3.3) (end -3.2 -4.3) (layer F.SilkS) (width 0.12))
    (fp_line (start -3.2 -4.3) (end 8.2 -4.3) (layer F.SilkS) (width 0.12))
    (fp_line (start 8.2 -4.3) (end 8.2 3.3) (layer F.SilkS) (width 0.12))
    (fp_text user %R (at 2.5 0.3 90) (layer F.Fab)
      (effects (font (size 1 1) (thickness 0.15)))
    )
    (pad 1 thru_hole rect (at 0 0 90) (size 2.4 2.4) (drill 1.47) (layers *.Cu *.Mask)
      (net 11 "Net-(J3-Pad2)"))
    (pad 2 thru_hole circle (at 5 0 90) (size 2.4 2.4) (drill 1.47) (layers *.Cu *.Mask)
      (net 3 VDD1))
    (model ${KISYS3DMOD}/Connectors_Terminal_Blocks.3dshapes/TerminalBlock_Philmore_TB132_02x5mm_Straight.wrl
      (at (xyz 0 0 0))
      (scale (xyz 1 1 1))
      (rotate (xyz 0 0 0))
    )
  )

  (module BMS:Molex_Micro-Fit_3.0_43045-0400_2x02_P3.00mm_Horizontal (layer F.Cu) (tedit 5C26B116) (tstamp 5C26A87D)
    (at 248.285 107.95 270)
    (descr "Molex Micro-Fit 3.0 Connector System, 43045-0410 (compatible alternatives: 43045-0411, 43045-0409), 2 Pins per row (http://www.molex.com/pdm_docs/sd/430450210_sd.pdf), generated with kicad-footprint-generator")
    (tags "connector Molex Micro-Fit_3.0 top entry")
    (path /5C02FE0A)
    (attr smd)
    (fp_text reference J5 (at -0.635 1.905 180) (layer F.SilkS)
      (effects (font (size 1 1) (thickness 0.15)))
    )
    (fp_text value Conn_01x02_Male (at -3.2 4.9 270) (layer F.Fab) hide
      (effects (font (size 1 1) (thickness 0.15)))
    )
    (fp_line (start 5.4 -13) (end -5.4 -13) (layer F.CrtYd) (width 0.15))
    (fp_line (start 5.4 -3.1) (end 5.4 -13) (layer F.CrtYd) (width 0.15))
    (fp_line (start 4.3 0.5) (end 5.4 -3.1) (layer F.CrtYd) (width 0.15))
    (fp_line (start -4.3 0.5) (end 4.3 0.5) (layer F.CrtYd) (width 0.15))
    (fp_line (start -5.4 -3.2) (end -4.3 0.5) (layer F.CrtYd) (width 0.15))
    (fp_line (start -5.4 -13) (end -5.4 -3.2) (layer F.CrtYd) (width 0.15))
    (fp_line (start 0 0) (end -3.825 0) (layer F.Fab) (width 0.1))
    (fp_line (start -4.825 -3.17) (end -3.825 0) (layer F.Fab) (width 0.1))
    (fp_line (start -4.825 -9.91) (end -4.825 -3.17) (layer F.Fab) (width 0.1))
    (fp_line (start -4.825 -9.91) (end 4.825 -9.91) (layer F.Fab) (width 0.1))
    (fp_line (start 0 0) (end 3.825 0) (layer F.Fab) (width 0.1))
    (fp_line (start 4.8257 -3.17) (end 3.825 0) (layer F.Fab) (width 0.1))
    (fp_line (start 4.825 -9.91) (end 4.825 -3.17) (layer F.Fab) (width 0.1))
    (pad "" np_thru_hole circle (at 0 -4.6 90) (size 3 3) (drill 3) (layers *.Cu *.Mask))
    (pad 1 thru_hole circle (at 1.5 -8.92 90) (size 1.5 1.5) (drill 1) (layers *.Cu *.Mask)
      (net 1 GND))
    (pad 2 thru_hole circle (at -1.5 -8.92 90) (size 1.5 1.5) (drill 1) (layers *.Cu *.Mask)
      (net 15 "Net-(J5-Pad2)"))
    (pad 3 thru_hole circle (at 1.5 -11.92 90) (size 1.5 1.5) (drill 1) (layers *.Cu *.Mask))
    (pad 4 thru_hole circle (at -1.5 -11.92 90) (size 1.5 1.5) (drill 1) (layers *.Cu *.Mask))
    (model ${KISYS3DMOD}/Connector_Molex.3dshapes/Molex_Micro-Fit_3.0_43045-0410_2x02-1MP_P3.00mm_Horizontal.wrl
      (at (xyz 0 0 0))
      (scale (xyz 1 1 1))
      (rotate (xyz 0 0 0))
    )
  )

  (module BMS:CUI_PJ-102A_2.5mm_DC_JACK (layer F.Cu) (tedit 5C26B1A9) (tstamp 5C26A88D)
    (at 251.46 74.295 270)
    (path /5C26C042)
    (fp_text reference J6 (at -5.715 -3.175) (layer F.SilkS)
      (effects (font (size 0.762 0.762) (thickness 0.1524)))
    )
    (fp_text value Barrel_Jack (at 0 0 270) (layer F.SilkS) hide
      (effects (font (size 0.762 0.762) (thickness 0.1524)))
    )
    (fp_line (start -4.5 -10.1) (end -4.5 4.4) (layer F.SilkS) (width 0.2032))
    (fp_line (start 4.5 -10.1) (end -4.5 -10.1) (layer F.SilkS) (width 0.2032))
    (fp_line (start 4.5 4.4) (end 4.5 -10.1) (layer F.SilkS) (width 0.2032))
    (fp_line (start -4.5 4.4) (end 4.5 4.4) (layer F.SilkS) (width 0.2032))
    (fp_line (start -4.5 -6.6) (end 4.5 -6.6) (layer F.SilkS) (width 0.2032))
    (fp_line (start -3 0) (end -3 -10.2) (layer F.SilkS) (width 0.2032))
    (fp_line (start 3 0) (end -3 0) (layer F.SilkS) (width 0.2032))
    (fp_line (start 3 -10.1) (end 3 0) (layer F.SilkS) (width 0.2032))
    (fp_text user J2 (at 0.39 0.302 270) (layer F.Fab)
      (effects (font (size 1 1) (thickness 0.15)))
    )
    (pad 3 thru_hole circle (at -4.7 0 270) (size 2.6 2.6) (drill 1.6) (layers *.Cu *.Mask F.SilkS)
      (net 1 GND))
    (pad 2 thru_hole circle (at 0 -3 270) (size 2.6 2.6) (drill 1.6) (layers *.Cu *.Mask F.SilkS)
      (net 1 GND))
    (pad 1 thru_hole circle (at 0 3 270) (size 2.6 2.6) (drill 1.6) (layers *.Cu *.Mask F.SilkS)
      (net 2 VDD2))
  )

  (module Resistor_SMD:R_0612_1632Metric_Pad1.18x3.40mm_HandSolder (layer F.Cu) (tedit 5C26B18A) (tstamp 5C26A8B0)
    (at 244.9075 67.945 180)
    (descr "Resistor SMD 0612 (1632 Metric), square (rectangular) end terminal, IPC_7351 nominal with elongated pad for handsoldering. (Body size source: https://www.vishay.com/docs/20019/rcwe.pdf), generated with kicad-footprint-generator")
    (tags "resistor handsolder")
    (path /5C265243)
    (attr smd)
    (fp_text reference R1 (at 0 2.54 180) (layer F.SilkS)
      (effects (font (size 1 1) (thickness 0.15)))
    )
    (fp_text value 1K (at 0 -2.54 180) (layer F.Fab) hide
      (effects (font (size 1 1) (thickness 0.15)))
    )
    (fp_text user %R (at 0 0 180) (layer F.Fab)
      (effects (font (size 0.4 0.4) (thickness 0.06)))
    )
    (fp_line (start 1.68 1.95) (end -1.68 1.95) (layer F.CrtYd) (width 0.05))
    (fp_line (start 1.68 -1.95) (end 1.68 1.95) (layer F.CrtYd) (width 0.05))
    (fp_line (start -1.68 -1.95) (end 1.68 -1.95) (layer F.CrtYd) (width 0.05))
    (fp_line (start -1.68 1.95) (end -1.68 -1.95) (layer F.CrtYd) (width 0.05))
    (fp_line (start -0.182983 1.71) (end 0.182983 1.71) (layer F.SilkS) (width 0.12))
    (fp_line (start -0.182983 -1.71) (end 0.182983 -1.71) (layer F.SilkS) (width 0.12))
    (fp_line (start 0.8 1.6) (end -0.8 1.6) (layer F.Fab) (width 0.1))
    (fp_line (start 0.8 -1.6) (end 0.8 1.6) (layer F.Fab) (width 0.1))
    (fp_line (start -0.8 -1.6) (end 0.8 -1.6) (layer F.Fab) (width 0.1))
    (fp_line (start -0.8 1.6) (end -0.8 -1.6) (layer F.Fab) (width 0.1))
    (pad 2 smd roundrect (at 0.8375 0 180) (size 1.175 3.4) (layers F.Cu F.Paste F.Mask) (roundrect_rratio 0.212766)
      (net 9 "Net-(R1-Pad2)"))
    (pad 1 smd roundrect (at -0.8375 0 180) (size 1.175 3.4) (layers F.Cu F.Paste F.Mask) (roundrect_rratio 0.212766)
      (net 8 "Net-(D1-Pad1)"))
    (model ${KISYS3DMOD}/Resistor_SMD.3dshapes/R_0612_1632Metric.wrl
      (at (xyz 0 0 0))
      (scale (xyz 1 1 1))
      (rotate (xyz 0 0 0))
    )
  )

  (module Resistor_SMD:R_0612_1632Metric_Pad1.18x3.40mm_HandSolder (layer F.Cu) (tedit 5C26B16C) (tstamp 5C26A8C1)
    (at 235.585 74.295 180)
    (descr "Resistor SMD 0612 (1632 Metric), square (rectangular) end terminal, IPC_7351 nominal with elongated pad for handsoldering. (Body size source: https://www.vishay.com/docs/20019/rcwe.pdf), generated with kicad-footprint-generator")
    (tags "resistor handsolder")
    (path /5C27227F)
    (attr smd)
    (fp_text reference R2 (at 0 2.54 180) (layer F.SilkS)
      (effects (font (size 1 1) (thickness 0.15)))
    )
    (fp_text value 3K (at 0 -2.54 180) (layer F.Fab) hide
      (effects (font (size 1 1) (thickness 0.15)))
    )
    (fp_line (start -0.8 1.6) (end -0.8 -1.6) (layer F.Fab) (width 0.1))
    (fp_line (start -0.8 -1.6) (end 0.8 -1.6) (layer F.Fab) (width 0.1))
    (fp_line (start 0.8 -1.6) (end 0.8 1.6) (layer F.Fab) (width 0.1))
    (fp_line (start 0.8 1.6) (end -0.8 1.6) (layer F.Fab) (width 0.1))
    (fp_line (start -0.182983 -1.71) (end 0.182983 -1.71) (layer F.SilkS) (width 0.12))
    (fp_line (start -0.182983 1.71) (end 0.182983 1.71) (layer F.SilkS) (width 0.12))
    (fp_line (start -1.68 1.95) (end -1.68 -1.95) (layer F.CrtYd) (width 0.05))
    (fp_line (start -1.68 -1.95) (end 1.68 -1.95) (layer F.CrtYd) (width 0.05))
    (fp_line (start 1.68 -1.95) (end 1.68 1.95) (layer F.CrtYd) (width 0.05))
    (fp_line (start 1.68 1.95) (end -1.68 1.95) (layer F.CrtYd) (width 0.05))
    (fp_text user %R (at 0 0 180) (layer F.Fab)
      (effects (font (size 0.4 0.4) (thickness 0.06)))
    )
    (pad 1 smd roundrect (at -0.8375 0 180) (size 1.175 3.4) (layers F.Cu F.Paste F.Mask) (roundrect_rratio 0.212766)
      (net 10 "Net-(R2-Pad1)"))
    (pad 2 smd roundrect (at 0.8375 0 180) (size 1.175 3.4) (layers F.Cu F.Paste F.Mask) (roundrect_rratio 0.212766)
      (net 1 GND))
    (model ${KISYS3DMOD}/Resistor_SMD.3dshapes/R_0612_1632Metric.wrl
      (at (xyz 0 0 0))
      (scale (xyz 1 1 1))
      (rotate (xyz 0 0 0))
    )
  )

  (module Resistor_SMD:R_0612_1632Metric_Pad1.18x3.40mm_HandSolder (layer F.Cu) (tedit 5C26B140) (tstamp 5C26A8D2)
    (at 231.5725 100.965)
    (descr "Resistor SMD 0612 (1632 Metric), square (rectangular) end terminal, IPC_7351 nominal with elongated pad for handsoldering. (Body size source: https://www.vishay.com/docs/20019/rcwe.pdf), generated with kicad-footprint-generator")
    (tags "resistor handsolder")
    (path /5C0243F6)
    (attr smd)
    (fp_text reference R3 (at 0 -2.65) (layer F.SilkS)
      (effects (font (size 1 1) (thickness 0.15)))
    )
    (fp_text value 260 (at 0 2.65) (layer F.Fab) hide
      (effects (font (size 1 1) (thickness 0.15)))
    )
    (fp_line (start -0.8 1.6) (end -0.8 -1.6) (layer F.Fab) (width 0.1))
    (fp_line (start -0.8 -1.6) (end 0.8 -1.6) (layer F.Fab) (width 0.1))
    (fp_line (start 0.8 -1.6) (end 0.8 1.6) (layer F.Fab) (width 0.1))
    (fp_line (start 0.8 1.6) (end -0.8 1.6) (layer F.Fab) (width 0.1))
    (fp_line (start -0.182983 -1.71) (end 0.182983 -1.71) (layer F.SilkS) (width 0.12))
    (fp_line (start -0.182983 1.71) (end 0.182983 1.71) (layer F.SilkS) (width 0.12))
    (fp_line (start -1.68 1.95) (end -1.68 -1.95) (layer F.CrtYd) (width 0.05))
    (fp_line (start -1.68 -1.95) (end 1.68 -1.95) (layer F.CrtYd) (width 0.05))
    (fp_line (start 1.68 -1.95) (end 1.68 1.95) (layer F.CrtYd) (width 0.05))
    (fp_line (start 1.68 1.95) (end -1.68 1.95) (layer F.CrtYd) (width 0.05))
    (fp_text user %R (at 0 0) (layer F.Fab)
      (effects (font (size 0.4 0.4) (thickness 0.06)))
    )
    (pad 1 smd roundrect (at -0.8375 0) (size 1.175 3.4) (layers F.Cu F.Paste F.Mask) (roundrect_rratio 0.212766)
      (net 11 "Net-(J3-Pad2)"))
    (pad 2 smd roundrect (at 0.8375 0) (size 1.175 3.4) (layers F.Cu F.Paste F.Mask) (roundrect_rratio 0.212766)
      (net 5 "Net-(C3-Pad2)"))
    (model ${KISYS3DMOD}/Resistor_SMD.3dshapes/R_0612_1632Metric.wrl
      (at (xyz 0 0 0))
      (scale (xyz 1 1 1))
      (rotate (xyz 0 0 0))
    )
  )

  (module Resistor_SMD:R_0612_1632Metric_Pad1.18x3.40mm_HandSolder (layer F.Cu) (tedit 5C26B12C) (tstamp 5C26A8E3)
    (at 241.3 98.425 180)
    (descr "Resistor SMD 0612 (1632 Metric), square (rectangular) end terminal, IPC_7351 nominal with elongated pad for handsoldering. (Body size source: https://www.vishay.com/docs/20019/rcwe.pdf), generated with kicad-footprint-generator")
    (tags "resistor handsolder")
    (path /5C0243CF)
    (attr smd)
    (fp_text reference R4 (at 0 2.54) (layer F.SilkS)
      (effects (font (size 1 1) (thickness 0.15)))
    )
    (fp_text value 160 (at 0 2.65 180) (layer F.Fab) hide
      (effects (font (size 1 1) (thickness 0.15)))
    )
    (fp_text user %R (at 0 0 180) (layer F.Fab)
      (effects (font (size 0.4 0.4) (thickness 0.06)))
    )
    (fp_line (start 1.68 1.95) (end -1.68 1.95) (layer F.CrtYd) (width 0.05))
    (fp_line (start 1.68 -1.95) (end 1.68 1.95) (layer F.CrtYd) (width 0.05))
    (fp_line (start -1.68 -1.95) (end 1.68 -1.95) (layer F.CrtYd) (width 0.05))
    (fp_line (start -1.68 1.95) (end -1.68 -1.95) (layer F.CrtYd) (width 0.05))
    (fp_line (start -0.182983 1.71) (end 0.182983 1.71) (layer F.SilkS) (width 0.12))
    (fp_line (start -0.182983 -1.71) (end 0.182983 -1.71) (layer F.SilkS) (width 0.12))
    (fp_line (start 0.8 1.6) (end -0.8 1.6) (layer F.Fab) (width 0.1))
    (fp_line (start 0.8 -1.6) (end 0.8 1.6) (layer F.Fab) (width 0.1))
    (fp_line (start -0.8 -1.6) (end 0.8 -1.6) (layer F.Fab) (width 0.1))
    (fp_line (start -0.8 1.6) (end -0.8 -1.6) (layer F.Fab) (width 0.1))
    (pad 2 smd roundrect (at 0.8375 0 180) (size 1.175 3.4) (layers F.Cu F.Paste F.Mask) (roundrect_rratio 0.212766)
      (net 4 "Net-(C3-Pad1)"))
    (pad 1 smd roundrect (at -0.8375 0 180) (size 1.175 3.4) (layers F.Cu F.Paste F.Mask) (roundrect_rratio 0.212766)
      (net 3 VDD1))
    (model ${KISYS3DMOD}/Resistor_SMD.3dshapes/R_0612_1632Metric.wrl
      (at (xyz 0 0 0))
      (scale (xyz 1 1 1))
      (rotate (xyz 0 0 0))
    )
  )

  (module Resistor_SMD:R_0612_1632Metric_Pad1.18x3.40mm_HandSolder (layer F.Cu) (tedit 5C26B143) (tstamp 5C26A8F4)
    (at 231.775 106.68)
    (descr "Resistor SMD 0612 (1632 Metric), square (rectangular) end terminal, IPC_7351 nominal with elongated pad for handsoldering. (Body size source: https://www.vishay.com/docs/20019/rcwe.pdf), generated with kicad-footprint-generator")
    (tags "resistor handsolder")
    (path /5C024420)
    (attr smd)
    (fp_text reference R5 (at 0 -2.65) (layer F.SilkS)
      (effects (font (size 1 1) (thickness 0.15)))
    )
    (fp_text value 100 (at 0 2.65) (layer F.Fab) hide
      (effects (font (size 1 1) (thickness 0.15)))
    )
    (fp_text user %R (at 0 0) (layer F.Fab)
      (effects (font (size 0.4 0.4) (thickness 0.06)))
    )
    (fp_line (start 1.68 1.95) (end -1.68 1.95) (layer F.CrtYd) (width 0.05))
    (fp_line (start 1.68 -1.95) (end 1.68 1.95) (layer F.CrtYd) (width 0.05))
    (fp_line (start -1.68 -1.95) (end 1.68 -1.95) (layer F.CrtYd) (width 0.05))
    (fp_line (start -1.68 1.95) (end -1.68 -1.95) (layer F.CrtYd) (width 0.05))
    (fp_line (start -0.182983 1.71) (end 0.182983 1.71) (layer F.SilkS) (width 0.12))
    (fp_line (start -0.182983 -1.71) (end 0.182983 -1.71) (layer F.SilkS) (width 0.12))
    (fp_line (start 0.8 1.6) (end -0.8 1.6) (layer F.Fab) (width 0.1))
    (fp_line (start 0.8 -1.6) (end 0.8 1.6) (layer F.Fab) (width 0.1))
